[gd_scene load_steps=3 format=3 uid="uid://choibcplfbx21"]

[ext_resource type="PackedScene" uid="uid://doirpyjpsf78y" path="res://Modelos 3D/Modelos con colisiones/exhibidor carne.glb" id="1_5gutc"]
[ext_resource type="PackedScene" uid="uid://bmdn0kwaqj6g1" path="res://ESCENAS/Productos/Objetos/Heladeras/Carnicería/Objeto Carne Picada.tscn" id="2_c2yud"]

[node name="exhibidor carne" instance=ExtResource("1_5gutc")]
transform = Transform3D(1, 0, 0, 0, 1, 0, 0, 0, 1, 0, 0.996892, 0)

[node name="Carne Picada" parent="." index="1" instance=ExtResource("2_c2yud")]
transform = Transform3D(0.000775209, -0.998101, -0.0616011, 0.0125595, 0.0616059, -0.998021, 0.999921, 1.06538e-10, 0.0125834, 2.20088, 1.00169, 4.81169)

[node name="Carne Picada2" parent="." index="2" instance=ExtResource("2_c2yud")]
transform = Transform3D(0.000775209, -0.998101, -0.0616011, 0.0125595, 0.0616059, -0.998021, 0.999921, 1.06538e-10, 0.0125834, 2.20088, 1.00169, 3.73411)

[node name="Carne Picada3" parent="." index="3" instance=ExtResource("2_c2yud")]
transform = Transform3D(0.000775209, -0.998101, -0.0616011, 0.0125595, 0.0616059, -0.998021, 0.999921, 1.06538e-10, 0.0125834, 2.20088, 1.00169, 2.66035)

[node name="Carne Picada4" parent="." index="4" instance=ExtResource("2_c2yud")]
transform = Transform3D(0.000775209, -0.998101, -0.0616011, 0.0125595, 0.0616059, -0.998021, 0.999921, 1.06538e-10, 0.0125834, 2.20088, 1.00169, 1.61564)

[node name="Carne Picada5" parent="." index="5" instance=ExtResource("2_c2yud")]
transform = Transform3D(0.000775209, -0.998101, -0.0616011, 0.0125595, 0.0616059, -0.998021, 0.999921, 1.06538e-10, 0.0125834, 1.171, 1.00169, 4.81169)

[node name="Carne Picada6" parent="." index="6" instance=ExtResource("2_c2yud")]
transform = Transform3D(0.000775209, -0.998101, -0.0616011, 0.0125595, 0.0616059, -0.998021, 0.999921, 1.06538e-10, 0.0125834, 1.171, 1.00169, 3.73411)

[node name="Carne Picada7" parent="." index="7" instance=ExtResource("2_c2yud")]
transform = Transform3D(0.000775209, -0.998101, -0.0616011, 0.0125595, 0.0616059, -0.998021, 0.999921, 1.06538e-10, 0.0125834, 1.171, 1.00169, 2.66035)

[node name="Carne Picada8" parent="." index="8" instance=ExtResource("2_c2yud")]
transform = Transform3D(0.000775209, -0.998101, -0.0616011, 0.0125595, 0.0616059, -0.998021, 0.999921, 1.06538e-10, 0.0125834, 1.171, 1.00169, 1.61564)

[node name="Carne Picada9" parent="." index="9" instance=ExtResource("2_c2yud")]
transform = Transform3D(0.000775209, -0.998101, -0.0616011, 0.0125595, 0.0616059, -0.998021, 0.999921, 1.06538e-10, 0.0125834, 0.276988, 1.09693, 4.81169)

[node name="Carne Picada10" parent="." index="10" instance=ExtResource("2_c2yud")]
transform = Transform3D(0.000775209, -0.998101, -0.0616011, 0.0125595, 0.0616059, -0.998021, 0.999921, 1.06538e-10, 0.0125834, 0.276988, 1.09693, 3.73411)

[node name="Carne Picada11" parent="." index="11" instance=ExtResource("2_c2yud")]
transform = Transform3D(0.000775209, -0.998101, -0.0616011, 0.0125595, 0.0616059, -0.998021, 0.999921, 1.06538e-10, 0.0125834, 0.276988, 1.09693, 2.66035)

[node name="Carne Picada12" parent="." index="12" instance=ExtResource("2_c2yud")]
transform = Transform3D(0.000775209, -0.998101, -0.0616011, 0.0125595, 0.0616059, -0.998021, 0.999921, 1.06538e-10, 0.0125834, 0.276988, 1.09693, 1.61564)
